instance_count-duckdb	latency-dimm1	latency-dimm2	latency-dimm4	latency-dimm8	latency-dimm12	stall%-dimm1	stall%-dimm2	stall%-dimm4	stall%-dimm8	stall%-dimm12
1	176641.4	178392.9	176359	177029.3	159477	0.6395995551	0.6434878587	0.6391061453	0.6419068736	0.6337868481
7	175359.5	173502.1	170030.2	170073	169373.9	0.6651982379	0.664167916	0.6564885496	0.6569678407	0.6549079755
14	190754	176651	172100.4	170938.6	170145.7	0.693877551	0.6713235294	0.6639097744	0.6628787879	0.6621212121
21	213114.7	183215.7	174757.1	172261.1	170889.3	0.7213114754	0.6837209302	0.6682926829	0.6683168317	0.6616915423
28	246504	190596	175745.6	173636.5	172040.8	0.7580645161	0.696969697	0.6715328467	0.6703296703	0.6666666667
35	300095.3	201004.3	182665.8	176139.2	174849.3	0.7978533095	0.7124681934	0.6878453039	0.6771428571	0.6771428571
42	364882.3	213753.2	187947.7	179623.2	176138.3	0.8327137546	0.7321428571	0.6977777778	0.6896551724	0.6823529412
49	435066.4	227445	194805.9	182090.4	177304.2	0.8576576577	0.7464114833	0.7098540146	0.6943907157	0.6851485149
56	521997.4	248178.4	201763.4	184448.2	181945.1	0.880794702	0.7673521851	0.7215384615	0.697171381	0.6952861953
63	622257.5	274315.3	207457.5	189739.2	186306.1	0.9004975124	0.7866108787	0.7281167109	0.7081545064	0.7039187228
70	715170	299352.1	213142.7	190122.4	189261.3	0.9140625	0.7991304348	0.7327887981	0.7080665813	0.706940874
77	805513	328627.7	225378.2	199989.2	194995.1	0.9211356467	0.8175182482	0.7487487487	0.7179775281	0.7152542373
84	875285.5	357969.1	232493	203522.5	199285.8	0.9281914894	0.8301886792	0.7557522124	0.7277227723	0.7182377049