cores	llama.cpp	NPB-FT	NPB-CG	NPB-MG
1	2379.323	2678.777	3910.185	3289.309
2	2097.1175	2933.667	4148.1945	3305.689
3	2113.818	2949.628667	4181.896667	3276.012333
4	2106.331	2930.485	4168.005	3237.6475
5	1954.9162	2875.016	3906.162	3185.766
6	1818.123333	2808.823333	3506.921667	3143.176667
7	1834.004286	2768.162857	3181.158571	3060.251429
8	1509.22875	1723.28375	2533.6075	2616.19125
9	1457.018889	1718.612222	2380.246667	2547.678889
10	1461.664	1684.867	2243.262	2450.49
11	1342.521818	1647.538182	2082.684545	2351.677273
12	1246.7975	1612.888333	1921.941667	2204.869167
13	1171.429231	1575.056154	1771.276154	2053.566923
14	1113.765	1532.053571	1655.776429	1906.282857