cores	llama.cpp	NPB-FT	NPB-CG	NPB-MG	GAPBS-PageRank	DuckDB-TPCH-Q21	Filebench_fileserver
1	2946.912	3105.979	6182.802	5520.932	777.5404	540.4058	1146.843
2	2580.6575	3394.7455	6613.705	5544.12	1007.4125	560.0535	1156.1195
3	2461.425333	3478.033333	6698.43	5526.846667	1294.048	552.4313333	1185.129667
4	2379.1775	3491.3225	6589.36	5437.5	1605.71	568.35375	1200.23125
5	2300.498	3514.702	6255.582	5369.962	1775.6896	580.4906	1207.3206
6	2202.398333	3483.611667	5564.87	5289.383333	1939.471667	597.6465	1219.604667
7	2203.854286	3461.6	4840.66	5185.122857	2046.894286	602.7431429	1239.392571
8	1749.1825	1991.16375	3492.9775	3835.83375	1421.27	440.904125	1204.958375
9	1656.16	1965.95	3379.206667	3841.681111	1327.858889	449.9627778	1179.186667
10	1652.25	1993.906	3243.71	3813.927	1390.611	398.4677	1161.848
11	1589.299091	1916.547273	3085.098182	3776.050909	1470.16	469.729	1147.471818
12	1520.3675	1938.6525	2851.105	3729.275833	1589.583333	477.0500833	1136.853333
13	1422.420769	1938.683846	2633.626923	3652.25	1661.636154	487.4768462	1128.676923
14	1325.557143	1896.689286	2430.773571	3486.837143	1677.318571	488.9833571	1120.374286